 pc
 14
 1
 oct
 15
 40165 62333 76721
 pc
 14
 1
 oct
 15 
 40757 67335 70105 
 pc
 14
 1
 oct
 15
 41031 71513 71557
 pc
 14
 1
 oct
 15  
 41171 70473 70615
 pc
 14
 1
 oct
 15 
 41305 77363 41517
 pc
 14
 1
 oct
 15 
 41305 77617 53663
 pc
 14
 1
 oct
 15 
 41337 70651 72177
 pc
 14
 1
 oct
 15 
 41365 74453 62273
 pc
 14
 1
 oct
 15 
 41517 77661 46521
 pc
 14
 1
 oct
 15 
 41635 64253 74651
 pc
 14
 1
 oct
 15 
 41741 61137 66605
 pc
 14
 1
 oct
 15 
 41741 76443 50333
 pc
 14
 1
 oct
 15 
 41771 72717 50461
 pc
 14
 1
 oct
 15 
 41773 63235 67131
 pc
 14
 1
 oct
 15 
 42111 65663 74363
 pc
 14
 1
 oct
 15 
 42311 61547 74335
 pc
 14
 1
 oct
 15 
 42351 63243 76617
 pc
 14
 1
 oct
 15 
 42377 65235 61507
 pc
 14
 1
 oct
 15 
 42415 64667 63521
 pc
 14
 1
 oct
 15 
 42445 77347 63677
 pc
 14
 1
 oct
 15 
 42475 60767 52517
 pc
 14
 1
 oct
 15 
 42563 61471 53325
 pc
 14
 1
 oct
 15 
 42607 61455 53571
 pc
 14
 1
 oct
 15 
 42731 72217 72777
 pc
 14
 1
 oct
 15 
 40757 67335 70105
 pc
 14
 1
 oct
 15 
 41031 71513 71557
 pc
 14
 1
 oct
 15 
 41171 70473 70615
 pc
 14
 1
 oct
 15 
 41305 77363 41517
 pc
 14
 1
 oct
 15 
 41305 77617 53663
 pc
 14
 1
 oct
 15 
 41337 70651 72177
 pc
 14
 1
 oct
 15 
 41365 74453 62273
 pc
 14
 1
 oct
 15 
 41517 77661 46521
 pc
 14
 1
 oct
 15 
 41635 64253 74651 
 pc
 14
 1
 oct
 15 
 41741 61137 66605 
 pc
 14
 1
 oct
 15 
 41741 76443 50333
 pc
 14
 1
 oct
 15 
 41771 72717 50461
 pc
 14
 1
 oct
 15 
 41773 63235 67131
 pc
 14
 1
 oct
 15 
 42111 65663 74363
 pc
 14
 1
 oct
 15 
 42311 61547 74335
 pc
 14
 1
 oct
 15 
 42351 63243 76617
 pc
 14
 1
 oct
 15 
 42377 65235 61507
 pc
 14
 1
 oct
 15 
 42415 64667 63521
 pc
 14
 1
 oct
 15 
 42445 77347 63677
 pc
 14
 1
 oct
 15 
 42475 60767 52517
 pc
 14
 1
 oct
 15 
 42563 61471 53325
 pc
 14
 1
 oct
 15 
 42607 61455 53571
 pc
 14
 1
 oct
 15 
 42731 72217 72777
 pc
 14
 1
 oct
 15 
 42745 76453 52341
 pc
 14
 1
 oct
 15 
 42757 73315 41427
 pc
 14
 1
 oct
 15 
 42773 64261 40573
 pc
 14
 1
 oct
 15 
 43043 65735 40675
 pc
 14
 1
 oct
 15 
 43115 64577 74167
 pc
 14
 1
 oct
 15 
 43213 67721 67501
 pc
 14
 1
 oct
 15 
 43273 72351 45445
 pc
 14
 1
 oct
 15 
 43347 76655 54447
 pc
 14
 1
 oct
 15 
 43377 74541 42531
 pc
 14
 1
 oct
 15 
 43643 73755 50761
 pc
 14
 1
 oct
 15 
 44063 63625 76727 
 pc
 14
 1
 oct
 15 
 44175 65227 54623 