pc
6
3
oct
7
67, 75, 111, 117

pc
6
3
oct
7
43, 45, 67, 135

pc
6
3
oct
7
31, 57, 111, 121

pc
6
3
oct
7
31, 57, 111, 121

pc
6
3
oct
7
57, 73, 75, 121

pc
6
3
oct
7
15, 57, 127, 133

pc
6
3
oct
7
45, 67, 105, 121

pc
6
3
oct
7
45, 67, 105, 121

pc
6
3
oct
7
45, 67, 105, 121

pc
6
3
oct
7
31, 57, 111, 121

pc
6
3
oct
7
67, 75, 111, 117

pc
6
3
oct
7
15, 57, 127, 133

pc
6
3
oct
7
45, 67, 105, 121

pc
6
3
oct
7
43, 45, 67, 133

pc
6
3
oct
7
73, 75, 111, 127

pc
6
3
oct
7
31, 57, 111, 121

pc
6
3
oct
7
37, 67, 103, 133

pc
6
3
oct
7
43, 45, 67, 135

pc
6
3
oct
7
45, 67, 105, 121

pc
6
3
oct
7
67, 75, 111, 117

pc
6
3
oct
7
73, 75, 111, 127

pc
6
3
oct
7
37, 67, 103, 133

pc
6
3
oct
7
43, 45, 67, 121

pc
6
3
oct
7
43, 45, 67, 121

pc
6
3
oct
7
45, 67, 105, 121

pc
6
3
oct
7
31, 57, 111, 121

pc
6
3
oct
7
43, 75, 121, 127

pc
6
3
oct
7
43, 75, 121, 127

pc
6
3
oct
7
43, 75, 121, 127

pc
6
3
oct
7
37, 67, 103, 133

pc
6
3
oct
7
51, 61, 73, 135

pc
6
3
oct
7
67, 75, 111, 117

pc
6
3
oct
7
67, 75, 111, 117

pc
6
3
oct
7
57, 73, 75, 103

pc
6
3
oct
7
57, 73, 75, 121

pc
6
3
oct
7
31, 57, 111, 121

pc
6
3
oct
7
43, 45, 67, 133

pc
6
3
oct
7
51, 61, 73, 135

pc
6
3
oct
7
45, 51, 73, 127

pc
6
3
oct
7
31, 57, 111, 121

pc
6
3
oct
7
37, 67, 103, 133

pc
6
3
oct
7
43, 45, 61, 133

pc
6
3
oct
7
37, 67, 103, 133

pc
6
3
oct
7
37, 67, 103, 133

pc
6
3
oct
7
45, 67, 105, 121

pc
6
3
oct
7
43, 75, 121, 127

pc
6
3
oct
7
43, 45, 67, 135

pc
6
3
oct
7
57, 73, 75, 103

pc
6
3
oct
7
67, 75, 111, 117

pc
6
3
oct
7
57, 61, 75, 133

pc
6
3
oct
7
45, 67, 105, 121

pc
6
3
oct
7
43, 75, 121, 127

pc
6
3
oct
7
67, 75, 111, 117

pc
6
3
oct
7
43, 45, 61, 133

pc
6
3
oct
7
43, 45, 67, 133

pc
6
3
oct
7
15, 57, 127, 133

pc
6
3
oct
7
67, 75, 111, 117

pc
6
3
oct
7
57, 73, 75, 121

pc
6
3
oct
7
67, 75, 111, 117

pc
6
3
oct
7
57, 73, 75, 121

pc
6
3
oct
7
73, 75, 111, 127

