k = 30, n = 45, d = 6
110111100000111000000000000000000000000000000
101000111010010010100000000000000000000000000
000110111100000111000000000000000000000000000
000101000111010010010100000000000000000000000
000000110111100000111000000000000000000000000
000000101000111010010010100000000000000000000
000000000110111100000111000000000000000000000
000000000101000111010010010100000000000000000
000000000000110111100000111000000000000000000
000000000000101000111010010010100000000000000
000000000000000110111100000111000000000000000
000000000000000101000111010010010100000000000
000000000000000000110111100000111000000000000
000000000000000000101000111010010010100000000
000000000000000000000110111100000111000000000
000000000000000000000101000111010010010100000
000000000000000000000000110111100000111000000
000000000000000000000000101000111010010010100
000000000000000000000000000110111100000111000
100000000000000000000000000101000111010010010
000000000000000000000000000000110111100000111
010100000000000000000000000000101000111010010
111000000000000000000000000000000110111100000
010010100000000000000000000000000101000111010
000111000000000000000000000000000000110111100
010010010100000000000000000000000000101000111
100000111000000000000000000000000000000110111
111010010010100000000000000000000000000101000
111100000111000000000000000000000000000000110
000111010010010100000000000000000000000000101

k = 50, n = 75, d = 8
110000101101111000000000000000000000000000000000000000000000000000000000000
101001011011001010100000000000000000000000000000000000000000000000000000000
000110000101101111000000000000000000000000000000000000000000000000000000000
000101001011011001010100000000000000000000000000000000000000000000000000000
000000110000101101111000000000000000000000000000000000000000000000000000000
000000101001011011001010100000000000000000000000000000000000000000000000000
000000000110000101101111000000000000000000000000000000000000000000000000000
000000000101001011011001010100000000000000000000000000000000000000000000000
000000000000110000101101111000000000000000000000000000000000000000000000000
000000000000101001011011001010100000000000000000000000000000000000000000000
000000000000000110000101101111000000000000000000000000000000000000000000000
000000000000000101001011011001010100000000000000000000000000000000000000000
000000000000000000110000101101111000000000000000000000000000000000000000000
000000000000000000101001011011001010100000000000000000000000000000000000000
000000000000000000000110000101101111000000000000000000000000000000000000000
000000000000000000000101001011011001010100000000000000000000000000000000000
000000000000000000000000110000101101111000000000000000000000000000000000000
000000000000000000000000101001011011001010100000000000000000000000000000000
000000000000000000000000000110000101101111000000000000000000000000000000000
000000000000000000000000000101001011011001010100000000000000000000000000000
000000000000000000000000000000110000101101111000000000000000000000000000000
000000000000000000000000000000101001011011001010100000000000000000000000000
000000000000000000000000000000000110000101101111000000000000000000000000000
000000000000000000000000000000000101001011011001010100000000000000000000000
000000000000000000000000000000000000110000101101111000000000000000000000000
000000000000000000000000000000000000101001011011001010100000000000000000000
000000000000000000000000000000000000000110000101101111000000000000000000000
000000000000000000000000000000000000000101001011011001010100000000000000000
000000000000000000000000000000000000000000110000101101111000000000000000000
000000000000000000000000000000000000000000101001011011001010100000000000000
000000000000000000000000000000000000000000000110000101101111000000000000000
000000000000000000000000000000000000000000000101001011011001010100000000000
000000000000000000000000000000000000000000000000110000101101111000000000000
000000000000000000000000000000000000000000000000101001011011001010100000000
000000000000000000000000000000000000000000000000000110000101101111000000000
000000000000000000000000000000000000000000000000000101001011011001010100000
000000000000000000000000000000000000000000000000000000110000101101111000000
000000000000000000000000000000000000000000000000000000101001011011001010100
000000000000000000000000000000000000000000000000000000000110000101101111000
100000000000000000000000000000000000000000000000000000000101001011011001010
000000000000000000000000000000000000000000000000000000000000110000101101111
010100000000000000000000000000000000000000000000000000000000101001011011001
111000000000000000000000000000000000000000000000000000000000000110000101101
001010100000000000000000000000000000000000000000000000000000000101001011011
101111000000000000000000000000000000000000000000000000000000000000110000101
011001010100000000000000000000000000000000000000000000000000000000101001011
101101111000000000000000000000000000000000000000000000000000000000000110000
011011001010100000000000000000000000000000000000000000000000000000000101001
000101101111000000000000000000000000000000000000000000000000000000000000110
001011011001010100000000000000000000000000000000000000000000000000000000101

k = 52, n = 78, d = 8
110100100010010110000010100000000000000000000000000000000000000000000000000000
101010010110110110000110000100010110100100010100000000000000000000000000000000
000110100100010010110000010100000000000000000000000000000000000000000000000000
000101010010110110110000110000100010110100100010100000000000000000000000000000
000000110100100010010110000010100000000000000000000000000000000000000000000000
000000101010010110110110000110000100010110100100010100000000000000000000000000
000000000110100100010010110000010100000000000000000000000000000000000000000000
000000000101010010110110110000110000100010110100100010100000000000000000000000
000000000000110100100010010110000010100000000000000000000000000000000000000000
000000000000101010010110110110000110000100010110100100010100000000000000000000
000000000000000110100100010010110000010100000000000000000000000000000000000000
000000000000000101010010110110110000110000100010110100100010100000000000000000
000000000000000000110100100010010110000010100000000000000000000000000000000000
000000000000000000101010010110110110000110000100010110100100010100000000000000
000000000000000000000110100100010010110000010100000000000000000000000000000000
000000000000000000000101010010110110110000110000100010110100100010100000000000
000000000000000000000000110100100010010110000010100000000000000000000000000000
000000000000000000000000101010010110110110000110000100010110100100010100000000
000000000000000000000000000110100100010010110000010100000000000000000000000000
000000000000000000000000000101010010110110110000110000100010110100100010100000
000000000000000000000000000000110100100010010110000010100000000000000000000000
000000000000000000000000000000101010010110110110000110000100010110100100010100
000000000000000000000000000000000110100100010010110000010100000000000000000000
100000000000000000000000000000000101010010110110110000110000100010110100100010
000000000000000000000000000000000000110100100010010110000010100000000000000000
010100000000000000000000000000000000101010010110110110000110000100010110100100
000000000000000000000000000000000000000110100100010010110000010100000000000000
100010100000000000000000000000000000000101010010110110110000110000100010110100
000000000000000000000000000000000000000000110100100010010110000010100000000000
100100010100000000000000000000000000000000101010010110110110000110000100010110
000000000000000000000000000000000000000000000110100100010010110000010100000000
110100100010100000000000000000000000000000000101010010110110110000110000100010
000000000000000000000000000000000000000000000000110100100010010110000010100000
010110100100010100000000000000000000000000000000101010010110110110000110000100
000000000000000000000000000000000000000000000000000110100100010010110000010100
100010110100100010100000000000000000000000000000000101010010110110110000110000
100000000000000000000000000000000000000000000000000000110100100010010110000010
000100010110100100010100000000000000000000000000000000101010010110110110000110
010100000000000000000000000000000000000000000000000000000110100100010010110000
110000100010110100100010100000000000000000000000000000000101010010110110110000
000010100000000000000000000000000000000000000000000000000000110100100010010110
000110000100010110100100010100000000000000000000000000000000101010010110110110
110000010100000000000000000000000000000000000000000000000000000110100100010010
110000110000100010110100100010100000000000000000000000000000000101010010110110
010110000010100000000000000000000000000000000000000000000000000000110100100010
110110000110000100010110100100010100000000000000000000000000000000101010010110
010010110000010100000000000000000000000000000000000000000000000000000110100100
110110110000110000100010110100100010100000000000000000000000000000000101010010
100010010110000010100000000000000000000000000000000000000000000000000000110100
010110110110000110000100010110100100010100000000000000000000000000000000101010
100100010010110000010100000000000000000000000000000000000000000000000000000110
010010110110110000110000100010110100100010100000000000000000000000000000000101


k = 12, n = 18, d = 4
000100011111111000
100000010011011110
000000100011111111
110100000010011011
111000000100011111
011110100000010011
111111000000100011
011011110100000010
011111111000000100
010011011110100000
100011111111000000
000010011011110100

k = 24, n = 32, d = 4
11001000100000000000000000000000
10101000000000001000000000000000
10010000100000001000000000000000
00001100100010000000000000000000
00001010100000000000100000000000
00001001000010000000100000000000
00000000110010001000000000000000
00000000101010000000000010000000
00000000100100001000000010000000
00000000000011001000100000000000
00000000000010101000000000001000
00000000000010010000100000001000
00000000000000001100100010000000
10000000000000001010100000000000
10000000000000001001000010000000
00000000000000000000110010001000
00001000000000000000101010000000
00001000000000000000100100001000
10000000000000000000000011001000
00000000100000000000000010101000
10000000100000000000000010010000
10001000000000000000000000001100
10000000000010000000000000001010
00001000000010000000000000001001

k = 51, n = 68, d = 6
11000100100000000000110000000000000000000000000000000000000000000000
01101000010011000100010000000000110000000000000000000000000000000000
01011100100001000100110001000000110011000000000000000000000000000000
00001100010010000000000011000000000000000000000000000000000000000000
00000110100001001100010001000000000011000000000000000000000000000000
00000101110010000100010011000100000011001100000000000000000000000000
00000000110001001000000000001100000000000000000000000000000000000000
00000000011010000100110001000100000000001100000000000000000000000000
00000000010111001000010001001100010000001100110000000000000000000000
00000000000011000100100000000000110000000000000000000000000000000000
00000000000001101000010011000100010000000000110000000000000000000000
00000000000001011100100001000100110001000000110011000000000000000000
00000000000000001100010010000000000011000000000000000000000000000000
00000000000000000110100001001100010001000000000011000000000000000000
00000000000000000101110010000100010011000100000011001100000000000000
00000000000000000000110001001000000000001100000000000000000000000000
00000000000000000000011010000100110001000100000000001100000000000000
00000000000000000000010111001000010001001100010000001100110000000000
00000000000000000000000011000100100000000000110000000000000000000000
00000000000000000000000001101000010011000100010000000000110000000000
00000000000000000000000001011100100001000100110001000000110011000000
00000000000000000000000000001100010010000000000011000000000000000000
00000000000000000000000000000110100001001100010001000000000011000000
00000000000000000000000000000101110010000100010011000100000011001100
00000000000000000000000000000000110001001000000000001100000000000000
00000000000000000000000000000000011010000100110001000100000000001100
11000000000000000000000000000000010111001000010001001100010000001100
00000000000000000000000000000000000011000100100000000000110000000000
11000000000000000000000000000000000001101000010011000100010000000000
11001100000000000000000000000000000001011100100001000100110001000000
00000000000000000000000000000000000000001100010010000000000011000000
00001100000000000000000000000000000000000110100001001100010001000000
00001100110000000000000000000000000000000101110010000100010011000100
00000000000000000000000000000000000000000000110001001000000000001100
00000000110000000000000000000000000000000000011010000100110001000100
01000000110011000000000000000000000000000000010111001000010001001100
11000000000000000000000000000000000000000000000011000100100000000000
01000000000011000000000000000000000000000000000001101000010011000100
11000100000011001100000000000000000000000000000001011100100001000100
00001100000000000000000000000000000000000000000000001100010010000000
01000100000000001100000000000000000000000000000000000110100001001100
01001100010000001100110000000000000000000000000000000101110010000100
00000000110000000000000000000000000000000000000000000000110001001000
11000100010000000000110000000000000000000000000000000000011010000100
01000100110001000000110011000000000000000000000000000000010111001000
10000000000011000000000000000000000000000000000000000000000011000100
01001100010001000000000011000000000000000000000000000000000001101000
10000100010011000100000011001100000000000000000000000000000001011100
01001000000000001100000000000000000000000000000000000000000000001100
10000100110001000100000000001100000000000000000000000000000000000110
11001000010001001100010000001100110000000000000000000000000000000101

k = 48, n = 64, d = 6
1100010010000000000011000000000000000000000000000000000000000000
0110100001001100010001000000000011000000000000000000000000000000
0101110010000100010011000100000011001100000000000000000000000000
0000110001001000000000001100000000000000000000000000000000000000
0000011010000100110001000100000000001100000000000000000000000000
0000010111001000010001001100010000001100110000000000000000000000
0000000011000100100000000000110000000000000000000000000000000000
0000000001101000010011000100010000000000110000000000000000000000
0000000001011100100001000100110001000000110011000000000000000000
0000000000001100010010000000000011000000000000000000000000000000
0000000000000110100001001100010001000000000011000000000000000000
0000000000000101110010000100010011000100000011001100000000000000
0000000000000000110001001000000000001100000000000000000000000000
0000000000000000011010000100110001000100000000001100000000000000
0000000000000000010111001000010001001100010000001100110000000000
0000000000000000000011000100100000000000110000000000000000000000
0000000000000000000001101000010011000100010000000000110000000000
0000000000000000000001011100100001000100110001000000110011000000
0000000000000000000000001100010010000000000011000000000000000000
0000000000000000000000000110100001001100010001000000000011000000
0000000000000000000000000101110010000100010011000100000011001100
0000000000000000000000000000110001001000000000001100000000000000
0000000000000000000000000000011010000100110001000100000000001100
1100000000000000000000000000010111001000010001001100010000001100
0000000000000000000000000000000011000100100000000000110000000000
1100000000000000000000000000000001101000010011000100010000000000
1100110000000000000000000000000001011100100001000100110001000000
0000000000000000000000000000000000001100010010000000000011000000
0000110000000000000000000000000000000110100001001100010001000000
0000110011000000000000000000000000000101110010000100010011000100
0000000000000000000000000000000000000000110001001000000000001100
0000000011000000000000000000000000000000011010000100110001000100
0100000011001100000000000000000000000000010111001000010001001100
1100000000000000000000000000000000000000000011000100100000000000
0100000000001100000000000000000000000000000001101000010011000100
1100010000001100110000000000000000000000000001011100100001000100
0000110000000000000000000000000000000000000000001100010010000000
0100010000000000110000000000000000000000000000000110100001001100
0100110001000000110011000000000000000000000000000101110010000100
0000000011000000000000000000000000000000000000000000110001001000
1100010001000000000011000000000000000000000000000000011010000100
0100010011000100000011001100000000000000000000000000010111001000
1000000000001100000000000000000000000000000000000000000011000100
0100110001000100000000001100000000000000000000000000000001101000
1000010001001100010000001100110000000000000000000000000001011100
0100100000000000110000000000000000000000000000000000000000001100
1000010011000100010000000000110000000000000000000000000000000110
1100100001000100110001000000110011000000000000000000000000000101


k = 54, n = 72, d = 6
110001001000000000001100000000000000000000000000000000000000000000000000
011010000100110001000100000000001100000000000000000000000000000000000000
010111001000010001001100010000001100110000000000000000000000000000000000
000011000100100000000000110000000000000000000000000000000000000000000000
000001101000010011000100010000000000110000000000000000000000000000000000
000001011100100001000100110001000000110011000000000000000000000000000000
000000001100010010000000000011000000000000000000000000000000000000000000
000000000110100001001100010001000000000011000000000000000000000000000000
000000000101110010000100010011000100000011001100000000000000000000000000
000000000000110001001000000000001100000000000000000000000000000000000000
000000000000011010000100110001000100000000001100000000000000000000000000
000000000000010111001000010001001100010000001100110000000000000000000000
000000000000000011000100100000000000110000000000000000000000000000000000
000000000000000001101000010011000100010000000000110000000000000000000000
000000000000000001011100100001000100110001000000110011000000000000000000
000000000000000000001100010010000000000011000000000000000000000000000000
000000000000000000000110100001001100010001000000000011000000000000000000
000000000000000000000101110010000100010011000100000011001100000000000000
000000000000000000000000110001001000000000001100000000000000000000000000
000000000000000000000000011010000100110001000100000000001100000000000000
000000000000000000000000010111001000010001001100010000001100110000000000
000000000000000000000000000011000100100000000000110000000000000000000000
000000000000000000000000000001101000010011000100010000000000110000000000
000000000000000000000000000001011100100001000100110001000000110011000000
000000000000000000000000000000001100010010000000000011000000000000000000
000000000000000000000000000000000110100001001100010001000000000011000000
000000000000000000000000000000000101110010000100010011000100000011001100
000000000000000000000000000000000000110001001000000000001100000000000000
000000000000000000000000000000000000011010000100110001000100000000001100
110000000000000000000000000000000000010111001000010001001100010000001100
000000000000000000000000000000000000000011000100100000000000110000000000
110000000000000000000000000000000000000001101000010011000100010000000000
110011000000000000000000000000000000000001011100100001000100110001000000
000000000000000000000000000000000000000000001100010010000000000011000000
000011000000000000000000000000000000000000000110100001001100010001000000
000011001100000000000000000000000000000000000101110010000100010011000100
000000000000000000000000000000000000000000000000110001001000000000001100
000000001100000000000000000000000000000000000000011010000100110001000100
010000001100110000000000000000000000000000000000010111001000010001001100
110000000000000000000000000000000000000000000000000011000100100000000000
010000000000110000000000000000000000000000000000000001101000010011000100
110001000000110011000000000000000000000000000000000001011100100001000100
000011000000000000000000000000000000000000000000000000001100010010000000
010001000000000011000000000000000000000000000000000000000110100001001100
010011000100000011001100000000000000000000000000000000000101110010000100
000000001100000000000000000000000000000000000000000000000000110001001000
110001000100000000001100000000000000000000000000000000000000011010000100
010001001100010000001100110000000000000000000000000000000000010111001000
100000000000110000000000000000000000000000000000000000000000000011000100
010011000100010000000000110000000000000000000000000000000000000001101000
100001000100110001000000110011000000000000000000000000000000000001011100
010010000000000011000000000000000000000000000000000000000000000000001100
100001001100010001000000000011000000000000000000000000000000000000000110
110010000100010011000100000011001100000000000000000000000000000000000101
