k = 55, n = 72, d = 6
011001111000000000000000000000000000000000000000000000000000000000000000
001111010010000000000000000000000000000000000000000000000000000000000000
000010101100110000000000000000000000000000000000000000000000000000000000
000001100111100000000000000000000000000000000000000000000000000000000000
000000111101001000000000000000000000000000000000000000000000000000000000
000000001010110011000000000000000000000000000000000000000000000000000000
000000000110011110000000000000000000000000000000000000000000000000000000
000000000011110100100000000000000000000000000000000000000000000000000000
000000000000101011001100000000000000000000000000000000000000000000000000
000000000000011001111000000000000000000000000000000000000000000000000000
000000000000001111010010000000000000000000000000000000000000000000000000
000000000000000010101100110000000000000000000000000000000000000000000000
000000000000000001100111100000000000000000000000000000000000000000000000
000000000000000000111101001000000000000000000000000000000000000000000000
000000000000000000001010110011000000000000000000000000000000000000000000
000000000000000000000110011110000000000000000000000000000000000000000000
000000000000000000000011110100100000000000000000000000000000000000000000
000000000000000000000000101011001100000000000000000000000000000000000000
000000000000000000000000011001111000000000000000000000000000000000000000
000000000000000000000000001111010010000000000000000000000000000000000000
000000000000000000000000000010101100110000000000000000000000000000000000
000000000000000000000000000001100111100000000000000000000000000000000000
000000000000000000000000000000111101001000000000000000000000000000000000
000000000000000000000000000000001010110011000000000000000000000000000000
000000000000000000000000000000000110011110000000000000000000000000000000
000000000000000000000000000000000011110100100000000000000000000000000000
000000000000000000000000000000000000101011001100000000000000000000000000
000000000000000000000000000000000000011001111000000000000000000000000000
110111011001100100000100010101101011010101010000000000000000000000000000
000000000000000000000000000000000000000010101100110000000000000000000000
000000000000000000000000000000000000001111010010000000000000000000000000
000000000001010010000100100011010011101010000000011101010000000000000000
000000000000000000000000000000000000000000001010110011000000000000000000
000000000000000000000000000000000000000000111101001000000000000000000000
000000000000000101011000000000011001110011001101110000011011000000000000
000000000000000000000000000000000000000000000000101011001100000000000000
000000000000000000000000000000000000000000000011110100100000000000000000
000111000101110011001000110011001110000111100001001100000000000000000000
000000000000000000000000000000000000000001100111100000000000000000000000
000000000000000000000000000000000000000000000000001111010010000000000000
000000011101000101001000000000011111001011101001000000000000000000000000
000000000000000000000000000000000000000000000110011110000000000000000000
000000000000000000000000000000000000000000000000000010101100110000000000
000000000000000000010000010010000100110001000000100101100011011101010000
000000000000000000000000000000000000000000000000011001111000000000000000
000000000000000000000000000000000000000000000000000000111101001000000000
000000000000000000000000000000000000000000000000000001101110111110011000
000000000000000000000000000000000000000000000000000000001100101101000000
000000000000000000000000000000000000000000000000000000000011110100100000
000000000000000000000000000000000000000000000000000000000110011110000000
000000000000000000000000000000000000000000000000000000000000110010110100
000000000000000000000000000000000000000000000000000000000000001111010010
000000000000000000000001000001001000010011000100000010010000100001000001
000000000000000000000000000100000001000100000001000110101100100000000000
000000000000000000000000000000010001000100010000000000011001000100000000

