32
000100100110100000110010100110000000000000000000
110010010110000010010110010110010010000110010100
000000100100110100000110010100110000000000000000
100110010010110000010010110010110010010000110010
000000000100100110100000110010100110000000000000
010100110010010110000010010110010110010010000110
000000000000100100110100000110010100110000000000
110010100110010010110000010010110010110010010000
000000000000000100100110100000110010100110000000
000110010100110010010110000010010110010110010010
000000000000000000100100110100000110010100110000
010000110010100110010010110000010010110010110010
000000000000000000000100100110100000110010100110
010010000110010100110010010110000010010110010110
110000000000000000000000100100110100000110010100
110010010000110010100110010010110000010010110010
100110000000000000000000000100100110100000110010
010110010010000110010100110010010110000010010110
010100110000000000000000000000100100110100000110
110010110010010000110010100110010010110000010010
110010100110000000000000000000000100100110100000
010110010110010010000110010100110010010110000010
000110010100110000000000000000000000100100110100
010010110010110010010000110010100110010010110000
100000110010100110000000000000000000000100100110
000010010110010110010010000110010100110010010110
110100000110010100110000000000000000000000100100
110000010010110010110010010000110010100110010010
100110100000110010100110000000000000000000000100
010110000010010110010110010010000110010100110010
100100110100000110010100110000000000000000000000
010010110000010010110010110010010000110010100110
32
000000100100010000110100100010100000000000000000
100010100010000100010110010000010000110100100010
000000000100100010000110100100010100000000000000
010100010100010000100010110010000010000110100100
000000000000100100010000110100100010100000000000
100010100010100010000100010110010000010000110100
000000000000000100100010000110100100010100000000
100100010100010100010000100010110010000010000110
000000000000000000100100010000110100100010100000
110100100010100010100010000100010110010000010000
000000000000000000000100100010000110100100010100
000110100100010100010100010000100010110010000010
100000000000000000000000100100010000110100100010
010000110100100010100010100010000100010110010000
010100000000000000000000000100100010000110100100
000010000110100100010100010100010000100010110010
100010100000000000000000000000100100010000110100
010000010000110100100010100010100010000100010110
100100010100000000000000000000000100100010000110
110010000010000110100100010100010100010000100010
110100100010100000000000000000000000100100010000
010110010000010000110100100010100010100010000100
000110100100010100000000000000000000000100100010
100010110010000010000110100100010100010100010000
010000110100100010100000000000000000000000100100
000100010110010000010000110100100010100010100010
100010000110100100010100000000000000000000000100
010000100010110010000010000110100100010100010100
100100010000110100100010100000000000000000000000
100010000100010110010000010000110100100010100010
000100100010000110100100010100000000000000000000
010100010000100010110010000010000110100100010100
