15 40
5 19 8 (8) 4 (4) 
5 20 9 (9) 4 (4) 
5 21 10 (10) 5 (5) 
5 22 10 (10) 4 (4) 
5 23 11 (11) 5 (5) 
5 24 12 (12) 5 (5) 
5 25 12 (12) 5 (5) 
5 26 12 (12) 3 (3) 
5 27 13 (13) 5 (5) 
5 28 14 (14) 5 (5) 
5 29 14 (14) 5 (5) 
5 30 15 (15) 5 (5)
6 40 18 (18) 5 (5)
7 40 18 (18) 6 (6)
8 40 16 (16) 6 (6)
9 40 16 (16) 8 (7) 
10 19 15 (15) 5 (5) 
10 20 6 (6) 6 (6)
10 21 7 (7) 8 (8) 
10 22 8 (8) 7 (7) 
10 23 8 (8) 7 (7) 
10 24 8 (8) 6 (6) 
10 25 8 (8) 6 (6) 
10 26 8 (8) 5 (5) 
10 27 9 (9) 8 (7) 
10 28 10 (10) 9 (8) 
10 29 10 (10) 7 (7) 
10 30 11 (11) 9 (8) 
10 31 12 (12) 9 (8) 
10 32 12 (12) 9 (8) 
10 33 12 (12) 8 (8) 
10 34 12 (12) 8 (8) 
10 35 12 (13) 8 (7) 
10 36 13 (14) 9 (8) 
10 37 14 (14) 9 (8)
10 38 14 (15) 9 (8)
10 39 15 (16) 9 (8)
10 40 16 (16) 9 (8)
11 40 14 (15) 10 (9)
12 40 14 (14) 11 (10)
13 40 14 (12) 8 (8)
14 40 13 (12) 10 (10)
15 40 12 (12) 12 (11)